   3    1  
   35    2.938714   
   67    4.615024   
   99    5.868657   
   131    6.802768   
   163    7.123188   
   195    7.679687   
   227    8.191667   
   259    8.547826   
   291    8.401710   
   323    8.660793   
   355    8.936363   
   387    9.144186   
   419    8.816143   
   451    9.018349   
   483    9.144186   
   515    9.230047   
   547    8.936363   
   579    9.018349   
   611    9.144186   
   643    9.186915   
   675    8.936363   
   707    9.059908   
   739    9.144186   
   771    9.186915   
   803    8.936363   
   835    9.018349   
   867    9.186915   
   899    9.230047   
   931    8.977169   
   963    9.018349   
   995    9.186915   
