   3    1  
   35    3.053463   
   67    5.009916   
   99    6.439216   
   131    7.628339   
   163    7.980558   
   195    7.990267   
   227    9.134910   
   259    9.906486   
   291    9.687316   
   323    10.089093   
   355    10.441971   
   387    9.588321   
   419    9.996956   
   451    10.542536   
   483    10.714519   
   515    10.856197   
   547    10.425397   
   579    10.610662   
   611    10.732026   
   643    10.784892   
   675    10.408875   
   707    10.327044   
   739    10.697068   
   771    10.559485   
   803    9.134910   
   835    10.542536   
   867    10.679674   
   899    10.784892   
   931    10.458598   
   963    10.576489   
   995    9.546511   
