   3    1  
   35    2.316049   
   67    3.302817   
   99    3.908334   
   131    4.283105   
   163    4.342593   
   195    4.575610   
   227    4.761422   
   259    4.885417   
   291    4.785715   
   323    4.910995   
   355    4.989362   
   387    5.070271   
   419    4.962963   
   451    5.016043   
   483    5.097826   
   515    5.097826   
   547    4.989362   
   579    5.016043   
   611    5.097826   
   643    5.070271   
   675    5.016043   
   707    5.043011   
   739    5.097826   
   771    5.097826   
   803    4.962963   
   835    5.016043   
   867    5.070271   
   899    5.097826   
   931    5.016043   
   963    5.016043   
   995    5.097826   
