   3    1  
   35    2.855127   
   67    4.118046   
   99    4.863782   
   131    5.419643   
   163    5.704887   
   195    5.986193   
   227    6.193878   
   259    6.336117   
   291    6.402954   
   323    6.512876   
   355    6.612201   
   387    6.699780   
   419    6.641138   
   451    6.714602   
   483    6.789710   
   515    6.804933   
   547    6.744445   
   579    6.774554   
   611    6.820225   
   643    6.866516   
   675    6.759466   
   707    6.789710   
   739    6.820225   
   771    6.835586   
   803    6.729490   
   835    6.699780   
   867    6.804933   
   899    6.744445   
   931    6.744445   
   963    6.774554   
   995    6.670330   
