   3    1  
   35    2.875895   
   67    4.422019   
   99    5.578704   
   131    6.342105   
   163    6.657459   
   195    7.172619   
   227    7.602524   
   259    7.850163   
   291    7.749197   
   323    8.033333   
   355    8.169492   
   387    8.397213   
   419    8.141892   
   451    8.310346   
   483    8.397213   
   515    8.515902   
   547    8.169492   
   579    8.339101   
   611    8.426574   
   643    8.456141   
   675    8.253425   
   707    8.310346   
   739    8.397213   
   771    8.456141   
   803    8.197279   
   835    8.339101   
   867    8.397213   
   899    8.456141   
   931    8.225256   
   963    8.310346   
   995    8.397213   
