   3    1  
   35    3.153955   
   67    5.052036   
   99    6.453758   
   131    7.493289   
   163    7.673540   
   195    8.332089   
   227    8.932000   
   259    9.304167   
   291    9.189301   
   323    9.542735   
   355    9.793859   
   387    10.058558   
   419    9.666667   
   451    9.837005   
   483    10.058558   
   515    10.150001   
   547    9.793859   
   579    9.968750   
   611    10.058558   
   643    10.104073   
   675    9.793859   
   707    9.880531   
   739    10.013453   
   771    10.150001   
   803    9.837005   
   835    9.924445   
   867    10.013453   
   899    10.058558   
   931    9.837005   
   963    9.880531   
   995    9.968750   
