   3    1  
   35    2.596235   
   67    3.854038   
   99    4.613383   
   131    5.170834   
   163    5.303419   
   195    5.640909   
   227    5.909524   
   259    6.083333   
   291    5.349138   
   323    5.881517   
   355    6.267677   
   387    6.364103   
   419    6.174129   
   451    6.299493   
   483    6.364103   
   515    6.430052   
   547    6.205000   
   579    6.331633   
   611    6.396907   
   643    6.396907   
   675    6.267677   
   707    6.331633   
   739    6.331633   
   771    6.396907   
   803    6.236181   
   835    6.299493   
   867    6.364103   
   899    6.331633   
   931    6.236181   
   963    6.267677   
   995    6.331633   
