   3    1  
   35    1.935556   
   67    2.631420   
   99    3.003448   
   131    3.237918   
   163    3.286793   
   195    3.402344   
   227    3.526316   
   259    3.569672   
   291    3.540650   
   323    3.629167   
   355    3.629167   
   387    3.706383   
   419    3.644351   
   451    3.675105   
   483    3.706383   
   515    3.722222   
   547    3.675105   
   579    3.690678   
   611    3.722222   
   643    3.706383   
   675    3.659664   
   707    3.659664   
   739    3.706383   
   771    3.706383   
   803    3.675105   
   835    3.690678   
   867    3.690678   
   899    3.690678   
   931    3.629167   
   963    3.675105   
   995    3.690678   
