   3    1  
   35    2.565022   
   67    3.435436   
   99    3.958478   
   131    4.268657   
   163    4.400001   
   195    4.612904   
   227    4.707819   
   259    4.806723   
   291    4.868085   
   323    4.909872   
   355    4.931035   
   387    4.973913   
   419    4.995634   
   451    5.017544   
   483    5.039648   
   515    5.039648   
   547    5.039648   
   579    5.061947   
   611    5.084445   
   643    5.084445   
   675    5.061947   
   707    5.084445   
   739    5.061947   
   771    5.061947   
   803    5.039648   
   835    5.061947   
   867    5.084445   
   899    5.084445   
   931    5.017544   
   963    5.061947   
   995    5.061947   
