   3    1  
   35    2.528925   
   67    3.634204   
   99    4.383954   
   131    4.857143   
   163    4.935484   
   195    5.257732   
   227    5.464285   
   259    5.625000   
   291    5.523466   
   323    5.687732   
   355    5.795455   
   387    5.862069   
   419    5.708955   
   451    5.795455   
   483    5.884615   
   515    5.930233   
   547    5.773585   
   579    5.817490   
   611    5.884615   
   643    5.862069   
   675    5.773585   
   707    5.817490   
   739    5.839694   
   771    5.884615   
   803    5.751880   
   835    5.817490   
   867    5.862069   
   899    5.884615   
   931    5.751880   
   963    5.817490   
   995    5.862069   
