   3    1  
   35    2.693850   
   67    4.030000   
   99    4.938726   
   131    5.660112   
   163    5.387701   
   195    6.257764   
   227    6.650165   
   259    6.900685   
   291    6.807433   
   323    7.020906   
   355    7.170819   
   387    7.274368   
   419    7.095070   
   451    7.196429   
   483    7.327273   
   515    7.354015   
   547    7.196429   
   579    7.274368   
   611    7.327273   
   643    7.354015   
   675    7.196429   
   707    7.274368   
   739    7.274368   
   771    7.327273   
   803    7.196429   
   835    7.248202   
   867    7.274368   
   899    7.354015   
   931    7.222222   
   963    7.248202   
   995    7.300725   
