   3    1  
   35    3.064950   
   67    4.835689   
   99    6.150562   
   131    7.035990   
   163    7.183727   
   195    7.775568   
   227    8.293939   
   259    8.634069   
   291    8.500000   
   323    8.829032   
   355    9.093023   
   387    9.246621   
   419    8.553125   
   451    9.123333   
   483    9.277966   
   515    9.341296   
   547    9.033003   
   579    9.184564   
   611    9.246621   
   643    9.277966   
   675    9.033003   
   707    9.123333   
   739    9.184564   
   771    9.277966   
   803    9.033003   
   835    9.093023   
   867    9.215488   
   899    8.344512   
   931    7.956395   
   963    8.500000   
   995    9.215488   
