   3    1  
   35    3.222270   
   67    5.355160   
   99    6.833788   
   131    8.406704   
   163    8.559727   
   195    9.440402   
   227    9.452262   
   259    10.306849   
   291    10.537815   
   323    11.016106   
   355    11.452055   
   387    11.774648   
   419    10.794835   
   451    11.196429   
   483    11.737910   
   515    11.756250   
   547    11.064706   
   579    11.539877   
   611    10.508380   
   643    11.434650   
   675    11.365560   
   707    11.522205   
   739    11.417299   
   771    11.774648   
   803    11.365560   
   835    11.487023   
   867    11.629057   
   899    11.629057   
   931    11.382753   
   963    11.504588   
   995    11.611112   
