   3    1  
   35    2.631281   
   67    4.047343   
   99    5.242804   
   131    5.504600   
   163    6.178466   
   195    6.659778   
   227    7.040336   
   259    7.323426   
   291    7.148464   
   323    7.401061   
   355    7.616364   
   387    7.493739   
   419    7.285218   
   451    7.602541   
   483    7.771800   
   515    7.786246   
   547    6.691694   
   579    7.136286   
   611    7.728783   
   643    7.786246   
   675    7.520647   
   707    7.630237   
   739    7.700367   
   771    7.743069   
   803    7.561372   
   835    7.630237   
   867    7.686239   
   899    7.728783   
   931    7.561372   
   963    7.644161   
   995    7.272570   
