   3    1  
   35    1.994269   
   67    2.750988   
   99    3.178082   
   131    3.445544   
   163    3.480000   
   195    3.643979   
   227    3.782609   
   259    3.845304   
   291    3.803279   
   323    3.845304   
   355    3.954545   
   387    3.977143   
   419    3.932203   
   451    3.954545   
   483    3.977143   
   515    4.023121   
   547    3.954545   
   579    3.977143   
   611    4.000000   
   643    4.000000   
   675    3.932203   
   707    3.954545   
   739    4.000000   
   771    3.977143   
   803    3.932203   
   835    3.954545   
   867    3.954545   
   899    3.977143   
   931    3.954545   
   963    3.954545   
   995    3.977143   
