   3    1  
   35    2.231068   
   67    3.097035   
   99    3.636076   
   131    3.962069   
   163    3.989584   
   195    4.224265   
   227    4.368821   
   259    4.470817   
   291    4.402299   
   323    4.488281   
   355    4.559524   
   387    4.319549   
   419    4.453489   
   451    4.577690   
   483    4.633065   
   515    4.670732   
   547    4.559524   
   579    4.596000   
   611    4.651822   
   643    4.670732   
   675    4.523622   
   707    4.596000   
   739    4.651822   
   771    4.651822   
   803    4.559524   
   835    4.505883   
   867    4.633065   
   899    4.271376   
   931    4.577690   
   963    4.596000   
   995    4.633065   
