   3    1  
   35    2.097403   
   67    3.030831   
   99    3.571880   
   131    3.980633   
   163    4.030303   
   195    4.266038   
   227    4.424657   
   259    4.531062   
   291    4.459566   
   323    4.567677   
   355    4.681159   
   387    4.750000   
   419    4.633196   
   451    4.700624   
   483    4.720250   
   515    4.750000   
   547    4.671487   
   579    4.730125   
   611    4.740042   
   643    4.780127   
   675    4.681159   
   707    4.710417   
   739    4.740042   
   771    4.730125   
   803    4.681159   
   835    4.720250   
   867    4.730125   
   899    4.730125   
   931    4.671487   
   963    4.700624   
   995    4.730125   
