   3    1  
   35    2.689189   
   67    3.768939   
   99    4.441964   
   131    4.877451   
   163    5.128866   
   195    5.264550   
   227    5.467033   
   259    5.589888   
   291    5.685714   
   323    5.751445   
   355    5.818713   
   387    5.887574   
   419    5.887574   
   451    5.958084   
   483    5.993976   
   515    6.067073   
   547    5.958084   
   579    6.030303   
   611    6.030303   
   643    6.067073   
   675    5.993976   
   707    6.030303   
   739    6.067073   
   771    6.030303   
   803    6.030303   
   835    5.993976   
   867    6.030303   
   899    5.993976   
   931    5.993976   
   963    5.993976   
   995    6.030303   
