   3    1  
   35    2.405063   
   67    3.610451   
   99    4.374101   
   131    4.943089   
   163    4.951140   
   195    5.259515   
   227    5.547445   
   259    5.497288   
   291    5.619224   
   323    5.790476   
   355    5.937500   
   387    6.007905   
   419    5.846154   
   451    5.972495   
   483    5.608856   
   515    5.342706   
   547    5.868726   
   579    5.972495   
   611    6.043737   
   643    6.067864   
   675    5.902913   
   707    5.949120   
   739    6.043737   
   771    6.043737   
   803    5.891473   
   835    5.949120   
   867    6.007905   
   899    6.043737   
   931    5.914397   
   963    5.960784   
   995    5.286957   
