   3    1  
   35    2.895561   
   67    4.489879   
   99    5.943194   
   131    6.939925   
   163    7.238904   
   195    7.876420   
   227    8.401515   
   259    8.815580   
   291    8.650546   
   323    8.987035   
   355    9.319327   
   387    9.543890   
   419    9.195688   
   451    9.350760   
   483    9.560346   
   515    9.677137   
   547    9.303691   
   579    9.446338   
   611    9.560346   
   643    9.610052   
   675    9.303691   
   707    9.446338   
   739    9.576857   
   771    9.610052   
   803    9.303691   
   835    9.366554   
   867    9.210963   
   899    8.929147   
   931    9.319327   
   963    9.398306   
   995    9.527492   
