   3    1  
   35    2.756711   
   67    4.245478   
   99    5.282959   
   131    6.062731   
   163    6.319231   
   195    6.789256   
   227    7.237885   
   259    7.502283   
   291    7.334821   
   323    7.606482   
   355    7.823810   
   387    7.937198   
   419    7.750000   
   451    7.861244   
   483    8.014634   
   515    8.053922   
   547    7.823810   
   579    7.899038   
   611    7.975728   
   643    8.053922   
   675    7.823810   
   707    7.937198   
   739    8.014634   
   771    8.014634   
   803    7.823810   
   835    7.899038   
   867    7.975728   
   899    8.014634   
   931    7.861244   
   963    7.899038   
   995    7.975728   
